Days Momento
2887                 18 
822                  17 
1993                 31 
1361                 12 
4985                 165 
293                  205 
4985                 3769 
4620                 5 
2107                 185 
1534                 270 
4227                 7179 
2885                 427 
2457                 7 
1554                 845 
1884                 10 
936                  20 
1111                 1 
4985                 9 
10                   2 
74                   66185 
746                  76 
509                  47 
1116                 1 
2259                 2 
1377                 21 
1212                 54 
2129                 319 
1335                 4 
1567                 6 
671                  2 
2677                 577 
1443                 4 
3374                 962 
1679                 1 
838                  1 
1194                 2 
4620                 274 
1195                 5 
1372                 4 
2097                 48 
4985                 13 
125                  7 
4032                 55 
87                   5 
3388                 127 
2183                 5 
3637                 1420 
497                  24 
4227                 95 
925                  2 
313                  2 
1920                 12 
4985                 103 
1099                 2 
1176                 6 
4470                 6 
4985                 4 
1147                 6 
3557                 17 
2017                 25 
5354                 121 
1646                 20 
970                  5 
1083                 4 
438                  1 
2173                 7852 
877                  3 
4620                 38 
1649                 18 
2233                 399 
1207                 2 
3415                 5 
4985                 22 
1962                 51 
4052                 100 
212                  1 
131                  2 
895                  2 
401                  2 
1801                 130 
4985                 216 
440                  16 
1489                 4 
868                  2 
2529                 40 
1561                 7 
1039                 19 
795                  1 
514                  11 
141                  1 
1042                 49 
1188                 7 
422                  17 
724                  2 
3441                 11 
872                  1 
3369                 39 
2967                 4790 
354                  1 
3289                 1453 
2459                 5 
1763                 226 
1989                 2 
2667                 22 
1325                 2 
1265                 5 
1718                 5 
2427                 57 
1658                 30 
627                  61 
5767                 3241 
1378                 4 
190                  5 
2034                 2 
229                  1 
4985                 85 
1047                 30 
4985                 17 
4227                 733 
974                  1 
2512                 1 
2713                 2 
2406                 5 
135                  1 
943                  146 
4985                 9168 
4985                 3 
3165                 3 
1299                 3 
735                  1 
932                  288 
2075                 1 
1826                 2 
4985                 122 
973                  2 
1059                 6 
1303                 2 
2205                 322 
1800                 4 
121                  2301 
170                  12 
401                  1 
422                  5 
4227                 1521 
29                   2 
1654                 156 
1407                 4 
4227                 934 
1142                 6 
923                  170 
528                  1 
4425                 17 
954                  6 
831                  61 
4620                 108 
1110                 8 
2075                 2 
1673                 9 
1                    36 
678                  1 
202                  3866 
6855                 397 
805                  12 
1358                 5 
615                  7 
1985                 3 
1780                 15 
829                  1 
1711                 4 
671                  1 
1038                 33 
3818                 203 
1527                 1 
801                  1 
331                  1 
2532                 5 
4985                 230 
178                  1 
1094                 41 
629                  5 
615                  7 
1218                 1 
1078                 9 
1                    51 
1701                 8 
4985                 2 
2745                 4782 
1418                 3 
1318                 34 
10                   3 
917                  1 
4510                 79 
2626                 3 
1585                 63 
1688                 48 
2023                 19124 
1162                 2 
3257                 90 
1003                 18 
2036                 3 
789                  9 
72                   5 
836                  1 
227                  1 
190                  1 
1028                 1 
1276                 2 
809                  6 
605                  15 
39                   2 
2698                 24286 
730                  3 
4985                 5 
2576                 19688 
1                    45 
393                  1 
1845                 2 
3392                 53 
1553                 1 
1168                 4 
812                  1 
3710                 34 
1643                 88 
4470                 207 
1088                 181 
1454                 3 
1898                 7 
1246                 1 
4227                 238 
896                  6 
1240                 2 
1247                 6 
1417                 4 
1672                 52 
2536                 129 
4985                 6 
296                  2 
4927                 3849 
4561                 62 
707                  29 
1658                 15 
1534                 1 
4985                 1628 
3822                 1382 
3505                 219 
5155                 1686 
3983                 264 
53                   1 
2390                 5 
1282                 6 
4620                 4 
3295                 207 
2072                 5 
3789                 14 
1771                 15 
77                   6 
1281                 2 
3535                 2 
925                  8 
2475                 2344 
765                  2 
1623                 41 
219                  144 
1360                 1978 
4058                 133 
277                  37 
1444                 1 
1121                 3 
1273                 1 
3392                 2 
712                  7 
2508                 72 
1117                 4 
2432                 3 
4985                 277 
1819                 3 
3563                 5861 
90                   2 
50                   5 
74                   20 
1922                 381 
1811                 4413 
1407                 1 
2799                 9 
826                  231 
2617                 51 
2006                 4865 
3443                 6764 
328                  6 
4394                 969 
1142                 1 
1015                 1 
1264                 67 
280                  2096 
1115                 8 
2632                 2 
993                  1 
48                   3 
780                  4 
1483                 5 
1191                 31 
4985                 383 
916                  2 
1263                 4 
485                  4 
1070                 7 
904                  12 
1937                 2 
1014                 1 
959                  24 
1474                 1 
1211                 7 
625                  6 
228                  8 
1026                 6 
4378                 27 
3709                 307 
1297                 86 
1688                 49 
1200                 26 
1046                 90 
2903                 7 
1034                 6 
2136                 1038 
490                  17 
828                  1 
2372                 55 
2541                 115 
4985                 1042 
2188                 87 
4983                 876 
1406                 557 
1632                 1 
4050                 2237 
2112                 1 
3197                 498 
869                  20 
728                  29 
763                  2 
602                  11 
4985                 5 
4547                 7 
3703                 28 
851                  1 
1120                 1 
